model_name=cross_entropy
epochs=15
lr=0.03429365680769041
batch_size=32
classes=['n', 'y']
class_counts={0: 15410, 1: 270}
sampler_alpha=0.930700229977492
seed=42
