model_name=cross_entropy
epochs=15
lr=0.011421919999389208
batch_size=32
classes=['n', 'y']
class_counts={0: 15410, 1: 270}
sampler_alpha=0.819414011602735
seed=42
