model_name=cross_entropy
epochs=15
lr=0.06429501995176334
batch_size=32
classes=['n', 'y']
class_counts={0: 15410, 1: 270}
sampler_alpha=0.5817525961397183
seed=42
