model_name=cross_entropy
epochs=15
lr=0.01384837134888679
batch_size=32
classes=['n', 'y']
class_counts={0: 15410, 1: 270}
sampler_alpha=0.654513523547757
seed=42
