model_name=cross_entropy
epochs=15
lr=0.00010630087992016972
batch_size=32
classes=['n', 'y']
class_counts={0: 15410, 1: 270}
sampler_alpha=0.502214075021453
seed=42
