model_name=cross_entropy
epochs=15
lr=0.006516394596814888
batch_size=32
classes=['n', 'y']
class_counts={0: 15410, 1: 270}
sampler_alpha=0.500071954657533
seed=42
