model_name=cross_entropy
epochs=15
lr=0.022045185874976492
batch_size=32
classes=['n', 'y']
class_counts={0: 15410, 1: 270}
sampler_alpha=0.8294384742511888
seed=42
