model_name=cross_entropy
epochs=15
lr=0.01613722298319385
batch_size=32
classes=['n', 'y']
class_counts={0: 15410, 1: 270}
sampler_alpha=0.640416120217207
seed=42
