model_name=cross_entropy
epochs=15
lr=0.07297925228987036
batch_size=32
classes=['n', 'y']
class_counts={0: 15410, 1: 270}
sampler_alpha=0.6205004872600822
seed=42
