model_name=cross_entropy
epochs=15
lr=0.012141305268910215
batch_size=32
classes=['n', 'y']
class_counts={0: 15410, 1: 270}
sampler_alpha=0.6195884832003604
seed=42
