model_name=cross_entropy
epochs=15
lr=0.03685169520675375
batch_size=32
classes=['n', 'y']
class_counts={0: 15410, 1: 270}
sampler_alpha=0.698248861149195
seed=42
