model_name=cross_entropy
epochs=15
lr=0.034547011079655646
batch_size=32
classes=['n', 'y']
class_counts={0: 15410, 1: 270}
sampler_alpha=0.987288937741557
seed=42
