model_name=cross_entropy
epochs=15
lr=0.02486874774381354
batch_size=32
classes=['n', 'y']
class_counts={0: 15410, 1: 270}
sampler_alpha=0.6959154783963337
seed=42
