model_name=cross_entropy
epochs=15
lr=0.006576228679760145
batch_size=32
classes=['n', 'y']
class_counts={0: 15410, 1: 270}
sampler_alpha=0.6937613992915361
seed=42
