model_name=cross_entropy
epochs=15
lr=0.05373884212619643
batch_size=32
classes=['n', 'y']
class_counts={0: 15410, 1: 270}
sampler_alpha=0.6038583065500889
seed=42
