model_name=cross_entropy
epochs=15
lr=0.16389717914503524
batch_size=32
classes=['n', 'y']
class_counts={0: 15410, 1: 270}
sampler_alpha=0.8355534989643265
seed=42
