model_name=cross_entropy
epochs=15
lr=0.044159624239393756
batch_size=32
classes=['n', 'y']
class_counts={0: 15410, 1: 270}
sampler_alpha=0.5588599929327248
seed=42
