model_name=cross_entropy
epochs=15
lr=0.04187553939597569
batch_size=32
classes=['n', 'y']
class_counts={0: 15410, 1: 270}
sampler_alpha=0.5789945653114859
seed=42
