model_name=cross_entropy
epochs=15
lr=0.02399289405224626
batch_size=32
classes=['n', 'y']
class_counts={0: 15410, 1: 270}
sampler_alpha=0.8638970066739966
seed=42
