model_name=cross_entropy
epochs=15
lr=0.07666422096914326
batch_size=32
classes=['n', 'y']
class_counts={0: 15410, 1: 270}
sampler_alpha=0.7335541726669847
seed=42
