model_name=cross_entropy
epochs=15
lr=0.000762630608106038
batch_size=32
classes=['n', 'y']
class_counts={0: 15410, 1: 270}
sampler_alpha=0.7797217039333961
seed=42
