model_name=cross_entropy
epochs=15
lr=0.055666426510222015
batch_size=32
classes=['n', 'y']
class_counts={0: 15410, 1: 270}
sampler_alpha=0.5639113931105059
seed=42
