model_name=cross_entropy
epochs=15
lr=0.13778729274901266
batch_size=32
classes=['n', 'y']
class_counts={0: 15410, 1: 270}
sampler_alpha=0.9421826872205343
seed=42
