model_name=cross_entropy
epochs=15
lr=0.0021507087154100557
batch_size=32
classes=['n', 'y']
class_counts={0: 15410, 1: 270}
sampler_alpha=0.58833695508177
seed=42
