model_name=cross_entropy
epochs=15
lr=0.03216360749616678
batch_size=32
classes=['n', 'y']
class_counts={0: 15410, 1: 270}
sampler_alpha=0.6452874340217352
seed=42
