model_name=cross_entropy
epochs=15
lr=0.002842161584606958
batch_size=32
classes=['n', 'y']
class_counts={0: 15410, 1: 270}
sampler_alpha=0.5421306730424637
seed=42
