model_name=cross_entropy
epochs=15
lr=0.06617460534335992
batch_size=32
classes=['n', 'y']
class_counts={0: 15410, 1: 270}
sampler_alpha=0.6467584678956673
seed=42
