model_name=cross_entropy
epochs=15
lr=0.001556890117087158
batch_size=32
classes=['n', 'y']
class_counts={0: 15410, 1: 270}
sampler_alpha=0.9356368647905454
seed=42
