model_name=cross_entropy
epochs=15
lr=0.04514663476975016
batch_size=32
classes=['n', 'y']
class_counts={0: 15410, 1: 270}
sampler_alpha=0.6891794135858632
seed=42
