model_name=cross_entropy
epochs=15
lr=0.05702148745200953
batch_size=32
classes=['n', 'y']
class_counts={0: 15410, 1: 270}
sampler_alpha=0.6183386553401521
seed=42
