model_name=cross_entropy
epochs=15
lr=0.006275652170403574
batch_size=32
classes=['n', 'y']
class_counts={0: 15410, 1: 270}
sampler_alpha=0.7729296399124189
seed=42
