model_name=cross_entropy
epochs=15
lr=0.05216372767757862
batch_size=32
classes=['n', 'y']
class_counts={0: 15410, 1: 270}
sampler_alpha=0.656768803950841
seed=42
