model_name=cross_entropy
epochs=15
lr=0.021095330730097724
batch_size=32
classes=['n', 'y']
class_counts={0: 15410, 1: 270}
sampler_alpha=0.7019067980959047
seed=42
